
 Input File name: C:/Users/omrce/OneDrive/Masaüstü/YAZILIM/PYTHON/project1_ÖmerOðuzÇelikel_041801090 - Kopya/ABC.jpg
 Count of each detected character: 
 A:7   B :6  C:5
 Bounding Boxes for each detected character: 
 A: 7
 [[47.0, 99.0, 26.0, 72.0], [60.0, 111.0, 96.0, 132.0], [111.0, 159.0, 143.0, 186.0], [157.0, 183.0, 123.0, 142.0], [166.0, 211.0, 73.0, 113.0], [217.0, 253.0, 27.0, 56.0], [227.0, 253.0, 102.0, 128.0]]
 B 6
 [[31.0, 66.0, 75.0, 103.0], [113.0, 162.0, 84.0, 127.0], [158.0, 198.0, 31.0, 73.0], [173.0, 213.0, 146.0, 193.0], [219.0, 245.0, 124.0, 152.0], [227.0, 255.0, 59.0, 81.0]]
 C: 5
[[29.0, 57.0, 128.0, 157.0], [69.0, 106.0, 152.0, 185.0], [111.0, 143.0, 38.0, 78.0], [218.0, 243.0, 77.0, 102.0], [225.0, 250.0, 154.0, 182.0]]